,model1,model2,model3
0,1,1,1
1,1,1,1
2,1,1,1
3,1,1,1
4,1,1,1
5,1,1,1
6,1,1,1
7,1,1,1
8,1,1,1
9,1,1,1
10,1,1,1
11,1,1,1
12,1,1,1
13,1,1,1
14,1,1,1
15,1,1,1
16,1,1,1
17,1,1,1
18,1,1,1
19,1,1,1
20,1,1,1
21,1,1,1
22,1,1,1
23,1,1,1
24,1,1,1
25,1,1,1
26,1,1,1
27,1,1,1
28,1,1,1
29,1,1,1
30,1,1,1
31,1,1,1
32,1,1,1
33,1,1,1
34,1,1,1
35,1,1,1
36,1,1,1
37,1,1,1
38,1,1,1
39,1,1,1
40,1,1,1
41,1,1,1
42,1,1,1
43,1,1,1
44,1,1,1
45,1,1,1
46,1,1,1
47,1,1,1
48,1,1,1
49,1,1,1
50,1,1,1
51,1,1,1
52,1,1,1
53,1,1,1
54,1,1,1
55,1,1,1
56,1,1,1
57,1,1,1
58,1,1,1
59,1,1,1
60,1,1,1
61,1,1,1
62,1,1,1
63,1,1,1
64,1,1,1
65,1,1,1
66,1,1,1
67,1,1,1
68,1,1,1
69,1,1,1
70,1,1,1
71,1,1,1
72,1,1,1
73,1,1,1
74,1,1,1
75,1,1,1
76,1,1,1
77,1,1,1
78,1,1,1
79,1,1,1
80,1,1,1
81,1,1,1
82,1,1,1
83,1,1,1
84,1,1,1
85,1,1,1
86,1,1,1
87,1,1,1
88,1,1,1
89,1,1,1
90,1,1,1
91,1,1,1
92,1,1,1
93,1,1,1
94,1,1,1
95,1,1,1
96,1,1,1
97,1,1,1
98,1,1,1
99,1,1,1
100,1,1,1
101,1,1,1
102,1,1,1
103,1,1,1
104,1,1,1
105,1,1,1
106,1,1,1
107,1,1,1
108,1,1,1
109,1,1,1
110,1,1,1
111,1,1,1
112,1,1,1
113,1,1,1
114,1,1,1
115,1,1,1
116,1,1,1
117,1,1,1
118,1,1,1
119,1,1,1
120,1,1,1
121,1,1,1
122,1,1,1
123,1,1,1
124,1,1,1
125,1,1,1
126,1,1,1
127,1,1,1
128,1,1,1
129,1,1,1
130,1,1,1
131,1,1,1
132,1,1,1
133,1,1,1
134,1,1,1
135,1,1,1
136,1,1,1
137,1,1,1
138,1,1,1
139,1,1,1
140,1,1,1
141,1,1,1
142,1,1,1
143,1,1,1
144,1,1,1
145,1,1,1
146,1,1,1
147,1,1,1
148,1,1,1
149,1,1,1
150,1,1,1
151,1,1,1
152,2,1,1
153,2,1,1
154,2,1,1
155,2,1,1
156,2,1,1
157,2,1,1
158,2,1,1
159,2,1,1
160,2,1,1
161,2,1,1
162,2,1,1
163,2,1,1
164,2,1,1
165,2,1,1
166,2,1,1
167,2,1,1
168,2,1,1
169,2,1,1
170,2,1,1
171,2,1,1
172,2,1,1
173,2,1,1
174,2,1,1
175,2,1,1
176,2,1,1
177,2,1,1
178,2,1,1
179,2,1,1
180,2,1,1
181,2,1,1
182,2,1,1
183,2,1,1
184,2,1,1
185,2,1,1
186,2,1,1
187,2,1,1
188,2,1,1
189,2,1,1
190,2,1,1
191,2,1,1
192,2,1,1
193,2,1,1
194,2,1,1
195,2,1,1
196,2,1,1
197,2,1,1
198,2,1,1
199,2,1,1
200,2,1,1
201,2,1,1
202,2,1,1
203,2,1,1
204,2,1,1
205,2,1,1
206,2,1,1
207,2,1,1
208,2,1,1
209,2,1,1
210,2,1,1
211,2,1,1
212,2,1,1
213,2,1,1
214,2,1,1
215,2,1,1
216,2,2,1
217,2,2,1
218,2,2,1
219,2,2,1
220,2,2,1
221,2,2,1
222,2,2,1
223,2,2,1
224,2,2,1
225,2,2,1
226,2,2,1
227,2,2,1
228,2,2,1
229,2,2,1
230,2,2,1
231,2,2,1
232,2,2,2
233,2,2,2
234,2,2,2
235,2,2,2
236,2,2,2
237,2,2,2
238,2,2,2
239,2,2,2
240,2,2,2
241,2,2,2
242,2,2,2
243,2,2,2
244,2,2,2
245,2,2,2
246,2,2,2
247,2,2,2
248,2,2,2
249,2,2,2
250,2,2,2
251,2,2,2
252,2,2,2
253,2,2,2
254,2,2,2
255,2,2,2
256,2,2,2
257,2,2,2
258,2,2,2
259,2,2,2
260,2,2,2
261,2,2,2
262,2,2,2
263,2,2,2
264,2,2,2
265,2,2,2
266,2,2,2
267,2,2,2
268,2,2,2
269,2,2,2
270,2,2,2
271,2,2,2
272,2,2,2
273,2,2,2
274,2,2,2
275,2,2,2
276,2,2,2
277,2,2,2
278,2,2,2
279,2,2,2
280,2,2,2
281,2,2,2
282,2,2,2
283,2,2,2
284,2,2,2
285,2,2,2
286,2,2,2
287,2,2,2
288,2,2,2
289,2,2,2
290,2,2,2
291,2,2,2
292,2,2,2
293,2,2,2
294,2,2,2
295,2,2,2
296,2,2,2
297,2,2,2
298,2,2,2
299,2,2,2
300,2,2,2
301,2,2,2
302,2,2,2
303,2,2,2
304,2,2,2
305,2,2,2
306,2,2,2
307,2,2,2
308,2,2,2
309,2,2,2
310,2,2,2
311,2,2,2
312,2,2,2
313,2,2,2
314,2,2,2
315,3,2,2
316,3,2,2
317,3,2,2
318,3,2,2
319,3,2,2
320,3,2,2
321,3,2,2
322,3,2,2
323,3,2,2
324,3,2,2
325,3,2,2
326,3,2,2
327,3,2,2
328,3,2,2
329,3,2,2
330,3,2,2
331,3,2,2
332,3,2,2
333,3,2,2
334,3,2,2
335,3,2,2
336,3,2,2
337,3,2,2
338,3,2,2
339,3,2,2
340,3,2,2
341,3,2,2
342,3,2,2
343,3,2,2
344,3,2,2
345,3,2,2
346,3,2,2
347,3,2,2
348,3,2,2
349,3,2,2
350,3,2,2
351,3,2,2
352,3,2,2
353,3,2,2
354,3,2,2
355,3,2,2
356,3,2,2
357,3,2,2
358,3,2,2
359,3,2,2
360,3,2,2
361,3,2,2
362,3,2,2
363,3,2,2
364,3,2,2
365,3,2,2
366,3,2,2
367,3,2,2
368,3,2,2
369,3,2,2
370,3,2,2
371,3,2,2
372,3,2,2
373,3,2,2
374,3,2,2
375,3,2,2
376,3,2,2
377,3,2,2
378,3,2,2
379,3,2,2
380,3,2,2
381,3,2,2
382,3,2,2
383,3,2,2
384,3,2,2
385,3,2,2
386,3,2,2
387,3,2,2
388,3,2,2
389,3,2,2
390,3,2,2
391,3,2,2
392,3,2,2
393,3,2,2
394,3,2,2
395,3,2,2
396,3,2,2
397,3,2,2
398,3,2,2
399,3,2,2
400,3,2,2
401,3,2,2
402,3,2,2
403,3,2,2
404,3,2,2
405,3,2,2
406,3,2,2
407,3,2,2
408,3,2,2
409,3,2,2
410,3,2,2
411,3,2,2
412,3,2,2
413,3,2,2
414,3,2,2
415,3,2,2
416,3,2,2
417,3,2,2
418,3,3,2
419,3,3,2
420,3,3,2
421,3,3,2
422,3,3,2
423,3,3,2
424,3,3,2
425,3,3,2
426,3,3,2
427,3,3,2
428,3,3,2
429,3,3,2
430,3,3,2
431,3,3,2
432,3,3,2
433,3,3,2
434,3,3,2
435,3,3,2
436,3,3,2
437,3,3,2
438,3,3,2
439,3,3,2
440,3,3,2
441,3,3,2
442,3,3,2
443,3,3,2
444,3,3,2
445,3,3,2
446,3,3,2
447,3,3,2
448,3,3,2
449,3,3,2
450,3,3,2
451,3,3,2
452,3,3,2
453,3,3,2
454,3,3,2
455,3,3,2
456,3,3,2
457,3,3,2
458,3,3,2
459,3,3,2
460,3,3,2
461,3,3,2
462,3,3,2
463,3,3,2
464,3,3,2
465,3,3,2
466,3,3,2
467,3,3,3
468,3,3,3
469,3,3,3
470,3,3,3
471,3,3,3
472,3,3,3
473,3,3,3
474,3,3,3
475,3,3,3
476,3,3,3
477,3,3,3
478,3,3,3
479,3,3,3
480,3,3,3
481,3,3,3
482,3,3,3
483,3,3,3
484,3,3,3
485,3,3,3
486,3,3,3
487,3,3,3
488,3,3,3
489,3,3,3
490,3,3,3
491,3,3,3
492,3,3,3
493,3,3,3
494,3,3,3
495,3,3,3
496,3,3,3
497,3,3,3
498,3,3,3
499,3,3,3
500,3,3,3
501,3,3,3
502,3,3,3
503,3,3,3
504,3,3,3
505,3,3,3
506,3,3,3
507,3,3,3
508,3,3,3
509,3,3,3
510,3,3,3
511,3,3,3
512,3,3,3
513,3,3,3
514,3,3,3
515,3,3,3
516,3,3,3
517,3,3,3
518,3,3,3
519,3,3,3
520,3,3,3
521,3,3,3
522,3,3,3
523,3,3,3
524,3,3,3
525,3,3,3
526,3,3,3
527,3,3,3
528,3,3,3
529,3,3,3
530,3,3,3
531,3,3,3
532,3,3,3
533,3,3,3
534,3,3,3
535,3,3,3
536,3,3,3
537,3,3,3
538,3,3,3
539,3,3,3
540,3,3,3
541,3,3,3
542,3,3,3
543,3,3,3
544,3,3,3
545,3,3,3
546,3,3,3
547,3,3,3
548,3,3,3
549,3,3,3
550,3,3,3
551,3,3,3
552,3,3,3
553,3,3,3
554,3,3,3
555,3,3,3
556,3,3,3
557,3,3,3
558,3,3,3
559,3,3,3
560,3,3,3
561,3,3,3
562,3,3,3
563,3,3,3
564,3,3,3
565,3,3,3
566,3,3,3
567,3,3,3
568,3,3,3
569,3,3,3
570,3,3,3
571,3,3,3
572,3,3,3
573,3,3,3
574,3,3,3
575,3,3,3
576,3,3,3
577,3,3,3
578,3,3,3
579,3,3,3
580,3,3,3
581,3,3,3
582,3,3,3
583,3,3,3
584,3,3,3
585,3,3,3
586,3,3,3
587,3,3,3
588,3,3,3
589,3,3,3
590,3,3,3
591,3,3,3
592,3,3,3
593,3,3,3
594,3,3,3
595,3,3,3
596,3,3,3
597,3,3,3
598,3,3,3
599,3,3,3
